[
    {
        "CRate": 11,
        "CDmg": 12,
        "ATK%": 16,
        "HP flatI": 336,
        "ACC": 5,
        "BEff": 72.70428571428572,
        "Score": 129,
        "AdjustedScore": 154
    },
    {
        "CRate": 22,
        "CDmg": 6,
        "ATK%I": 6,
        "SPD": 4,
        "RES": 5,
        "BEff": 72.05714285714285,
        "Score": 130,
        "AdjustedScore": 148
    },
    {
        "CRateI": 6,
        "CDmg": 12,
        "ATK%": 22,
        "RES": 5,
        "ACC": 4,
        "BEff": 72.69428571428571,
        "Score": 131,
        "AdjustedScore": 156
    },
    {
        "CRate": 22,
        "CDmg": 6,
        "ATK%I": 8,
        "HP flat": 300,
        "RES": 7,
        "BEff": 69.61714285714285,
        "Score": 133,
        "AdjustedScore": 133
    },
    {
        "CRate": 6,
        "CDmg": 11,
        "ATK%": 5,
        "ACC": 21,
        "BEff": 74.85142857142857,
        "Score": 133,
        "AdjustedScore": 158
    }
]